1752363855454327195
1752366013910323396
1752366967368110360
1752366057656926356
1752366316340621564
1752366889995473145
1752372811530645847
1752376129045107057
1752384104127926661
1752381772468293721
1752391796410183992
1752392758449566005
1752391226521964760
1752391228061294805
1752398284734222426
1752395157834473786
1752397136849989822
1752396006312882619
1752402548303237155
1752406601586102281
1752402671112433758
1752403198701338716
1752405503236550702
1752406324611084750
1752410752135159835
1752409502291550366
1752410837405360171
1752410948793684232
1752410398421143632
1752417411796521362
1752416860593938684
1752418425102565812
1752425719001477577
1752423830763479492
1752423142344040933
1752423459521503371
1752429738285474159
1752432470556131686
1752440329427443801
1752437148836307196
1752436529220468804
1752442841077362741
1752442945016578343
1752738516927197619
1752742195168206975
1752742222368210947
1752741546984706399
1752739517516149071
1752749620457783638
